[gd_scene load_steps=6 format=2]

[ext_resource path="res://drone/Drone.cs" type="Script" id=1]
[ext_resource path="res://assets/3D Models/DroneV2.glb" type="PackedScene" id=2]

[sub_resource type="SphereShape" id=1]
radius = 0.5

[sub_resource type="Animation" id=2]
resource_name = "Hit"
length = 0.5
tracks/0/type = "animation"
tracks/0/path = NodePath("AnimationPlayer")
tracks/0/interp = 1
tracks/0/loop_wrap = true
tracks/0/imported = false
tracks/0/enabled = true
tracks/0/keys = {
"clips": PoolStringArray( "Hit" ),
"times": PoolRealArray( 0 )
}

[sub_resource type="Animation" id=3]
resource_name = "Idle"
loop = true
tracks/0/type = "animation"
tracks/0/path = NodePath("AnimationPlayer")
tracks/0/interp = 1
tracks/0/loop_wrap = true
tracks/0/imported = false
tracks/0/enabled = true
tracks/0/keys = {
"clips": PoolStringArray( "Idle" ),
"times": PoolRealArray( 0 )
}

[node name="Drone" type="KinematicBody"]
script = ExtResource( 1 )

[node name="CollisionShape" type="CollisionShape" parent="."]
transform = Transform( 1, 0, 0, 0, 1, 0, 0, 0, 1, 0, 0.0231106, 0 )
shape = SubResource( 1 )

[node name="DroneV2" parent="." instance=ExtResource( 2 )]
transform = Transform( 0.15, 0, 0, 0, 0.15, 0, 0, 0, 0.15, 0, 0, 0 )

[node name="Skeleton" parent="DroneV2/Armature" index="0"]
bones/1/bound_children = [ NodePath("BoneAttachment"), NodePath("BoneAttachment2"), NodePath("BoneAttachment3"), NodePath("BoneAttachment4"), NodePath("BoneAttachment5"), NodePath("BoneAttachment6"), NodePath("BoneAttachment7"), NodePath("BoneAttachment8"), NodePath("BoneAttachment9"), NodePath("BoneAttachment10"), NodePath("BoneAttachment11"), NodePath("BoneAttachment12"), NodePath("BoneAttachment13"), NodePath("BoneAttachment14"), NodePath("BoneAttachment15") ]

[node name="BoneAttachment" parent="DroneV2/Armature/Skeleton" index="0"]
transform = Transform( -0.999981, -0.00469628, -0.00394555, -0.00475886, 0.999861, 0.0160036, 0.00386984, 0.016022, -0.999864, 0.0114631, -0.521159, -0.0278139 )

[node name="BoneAttachment2" parent="DroneV2/Armature/Skeleton" index="1"]
transform = Transform( -0.999981, -0.00469628, -0.00394555, -0.00475886, 0.999861, 0.0160036, 0.00386984, 0.016022, -0.999864, 0.0114631, -0.521159, -0.0278139 )

[node name="BoneAttachment3" parent="DroneV2/Armature/Skeleton" index="2"]
transform = Transform( -0.999981, -0.00469628, -0.00394555, -0.00475886, 0.999861, 0.0160036, 0.00386984, 0.016022, -0.999864, 0.0114631, -0.521159, -0.0278139 )

[node name="BoneAttachment4" parent="DroneV2/Armature/Skeleton" index="3"]
transform = Transform( -0.999981, -0.00469628, -0.00394555, -0.00475886, 0.999861, 0.0160036, 0.00386984, 0.016022, -0.999864, 0.0114631, -0.521159, -0.0278139 )

[node name="BoneAttachment5" parent="DroneV2/Armature/Skeleton" index="4"]
transform = Transform( -0.999981, -0.00469628, -0.00394555, -0.00475886, 0.999861, 0.0160036, 0.00386984, 0.016022, -0.999864, 0.0114631, -0.521159, -0.0278139 )

[node name="BoneAttachment6" parent="DroneV2/Armature/Skeleton" index="5"]
transform = Transform( -0.999981, -0.00469628, -0.00394555, -0.00475886, 0.999861, 0.0160036, 0.00386984, 0.016022, -0.999864, 0.0114631, -0.521159, -0.0278139 )

[node name="BoneAttachment7" parent="DroneV2/Armature/Skeleton" index="6"]
transform = Transform( -0.999981, -0.00469628, -0.00394555, -0.00475886, 0.999861, 0.0160036, 0.00386984, 0.016022, -0.999864, 0.0114631, -0.521159, -0.0278139 )

[node name="BoneAttachment8" parent="DroneV2/Armature/Skeleton" index="7"]
transform = Transform( -0.999981, -0.00469628, -0.00394555, -0.00475886, 0.999861, 0.0160036, 0.00386984, 0.016022, -0.999864, 0.0114631, -0.521159, -0.0278139 )

[node name="BoneAttachment9" parent="DroneV2/Armature/Skeleton" index="8"]
transform = Transform( -0.999981, -0.00469628, -0.00394555, -0.00475886, 0.999861, 0.0160036, 0.00386984, 0.016022, -0.999864, 0.0114631, -0.521159, -0.0278139 )

[node name="BoneAttachment10" parent="DroneV2/Armature/Skeleton" index="9"]
transform = Transform( -0.999981, -0.00469628, -0.00394555, -0.00475886, 0.999861, 0.0160036, 0.00386984, 0.016022, -0.999864, 0.0114631, -0.521159, -0.0278139 )

[node name="BoneAttachment11" parent="DroneV2/Armature/Skeleton" index="10"]
transform = Transform( -0.999981, -0.00469628, -0.00394555, -0.00475886, 0.999861, 0.0160036, 0.00386984, 0.016022, -0.999864, 0.0114631, -0.521159, -0.0278139 )

[node name="BoneAttachment12" parent="DroneV2/Armature/Skeleton" index="11"]
transform = Transform( -0.999981, -0.00469628, -0.00394555, -0.00475886, 0.999861, 0.0160036, 0.00386984, 0.016022, -0.999864, 0.0114631, -0.521159, -0.0278139 )

[node name="BoneAttachment13" parent="DroneV2/Armature/Skeleton" index="12"]
transform = Transform( -0.999981, -0.00469628, -0.00394555, -0.00475886, 0.999861, 0.0160036, 0.00386984, 0.016022, -0.999864, 0.0114631, -0.521159, -0.0278139 )

[node name="BoneAttachment14" parent="DroneV2/Armature/Skeleton" index="13"]
transform = Transform( -0.999981, -0.00469628, -0.00394555, -0.00475886, 0.999861, 0.0160036, 0.00386984, 0.016022, -0.999864, 0.0114631, -0.521159, -0.0278139 )

[node name="BoneAttachment15" parent="DroneV2/Armature/Skeleton" index="14"]
transform = Transform( -0.999981, -0.00469628, -0.00394555, -0.00475886, 0.999861, 0.0160036, 0.00386984, 0.016022, -0.999864, 0.0114631, -0.521159, -0.0278139 )

[node name="AnimationPlayerEvents" type="AnimationPlayer" parent="."]
root_node = NodePath("../DroneV2")
autoplay = "Idle"
anims/Hit = SubResource( 2 )
anims/Idle = SubResource( 3 )

[editable path="DroneV2"]
