[gd_scene load_steps=8 format=2]

[ext_resource path="res://drone/Drone.cs" type="Script" id=1]
[ext_resource path="res://assets/3D Models/Drone/Drone.glb" type="PackedScene" id=2]

[sub_resource type="SphereShape" id=1]
radius = 0.5

[sub_resource type="BoxShape" id=5]
extents = Vector3( 0.4, 0.2, 0.2 )

[sub_resource type="Animation" id=4]
resource_name = "Fire"
length = 0.5
tracks/0/type = "animation"
tracks/0/path = NodePath("AnimationPlayer")
tracks/0/interp = 1
tracks/0/loop_wrap = true
tracks/0/imported = false
tracks/0/enabled = true
tracks/0/keys = {
"clips": PoolStringArray( "Fire" ),
"times": PoolRealArray( 0 )
}

[sub_resource type="Animation" id=2]
resource_name = "Hit"
tracks/0/type = "animation"
tracks/0/path = NodePath("AnimationPlayer")
tracks/0/interp = 1
tracks/0/loop_wrap = true
tracks/0/imported = false
tracks/0/enabled = true
tracks/0/keys = {
"clips": PoolStringArray( "Hit" ),
"times": PoolRealArray( 0 )
}

[sub_resource type="Animation" id=3]
resource_name = "Idle"
length = 1.9
loop = true
tracks/0/type = "animation"
tracks/0/path = NodePath("AnimationPlayer")
tracks/0/interp = 1
tracks/0/loop_wrap = true
tracks/0/imported = false
tracks/0/enabled = true
tracks/0/keys = {
"clips": PoolStringArray( "Idle" ),
"times": PoolRealArray( 0 )
}

[node name="Drone" type="KinematicBody"]
script = ExtResource( 1 )

[node name="Drone" parent="." instance=ExtResource( 2 )]
transform = Transform( -0.15, 0, -1.31134e-08, 0, 0.15, 0, 1.31134e-08, 0, -0.15, 0, 0, 0 )

[node name="BoneAttachment" parent="Drone/Armature/Skeleton" index="0"]
transform = Transform( 0.226781, 0.97356, -0.0274183, 0.741788, -0.190897, -0.64289, -0.631127, 0.125456, -0.765465, 1.59095, 2.11968, -0.14503 )

[node name="BoneAttachment2" parent="Drone/Armature/Skeleton" index="1"]
transform = Transform( 0.226781, 0.97356, -0.0274183, 0.741788, -0.190897, -0.64289, -0.631127, 0.125456, -0.765465, 1.59095, 2.11968, -0.14503 )

[node name="BoneAttachment3" parent="Drone/Armature/Skeleton" index="2"]
transform = Transform( 0.226781, 0.97356, -0.0274183, 0.741788, -0.190897, -0.64289, -0.631127, 0.125456, -0.765465, 1.59095, 2.11968, -0.14503 )

[node name="BoneAttachment4" parent="Drone/Armature/Skeleton" index="3"]
transform = Transform( 0.226781, 0.97356, -0.0274183, 0.741788, -0.190897, -0.64289, -0.631127, 0.125456, -0.765465, 1.59095, 2.11968, -0.14503 )

[node name="BoneAttachment5" parent="Drone/Armature/Skeleton" index="4"]
transform = Transform( 0.0616072, -0.865077, -0.497843, 0.867985, -0.199813, 0.454618, -0.492754, -0.460128, 0.738564, -1.60101, 2.15634, -0.210846 )

[node name="BoneAttachment6" parent="Drone/Armature/Skeleton" index="5"]
transform = Transform( 0.0616072, -0.865077, -0.497843, 0.867985, -0.199813, 0.454618, -0.492754, -0.460128, 0.738564, -1.60101, 2.15634, -0.210846 )

[node name="BoneAttachment7" parent="Drone/Armature/Skeleton" index="6"]
transform = Transform( 0.0616072, -0.865077, -0.497843, 0.867985, -0.199813, 0.454618, -0.492754, -0.460128, 0.738564, -1.60101, 2.15634, -0.210846 )

[node name="BoneAttachment8" parent="Drone/Armature/Skeleton" index="7"]
transform = Transform( 0.0616072, -0.865077, -0.497843, 0.867985, -0.199813, 0.454618, -0.492754, -0.460128, 0.738564, -1.60101, 2.15634, -0.210846 )

[node name="BoneAttachment9" parent="Drone/Armature/Skeleton" index="8"]
transform = Transform( 0.0616072, -0.865077, -0.497843, 0.867985, -0.199813, 0.454618, -0.492754, -0.460128, 0.738564, -1.60101, 2.15634, -0.210846 )

[node name="BoneAttachment10" parent="Drone/Armature/Skeleton" index="9"]
transform = Transform( 1, 2.50948e-07, -6.98419e-08, -1.63534e-07, 0.0239005, -0.999714, -2.01384e-07, 0.999714, 0.0239004, -3.72529e-09, -0.806309, 0.76698 )

[node name="BoneAttachment11" parent="Drone/Armature/Skeleton" index="10"]
transform = Transform( 1, 2.50948e-07, -6.98419e-08, -1.63534e-07, 0.0239005, -0.999714, -2.01384e-07, 0.999714, 0.0239004, -3.72529e-09, -0.806309, 0.76698 )

[node name="BoneAttachment12" parent="Drone/Armature/Skeleton" index="11"]
transform = Transform( 1, 2.50948e-07, -6.98419e-08, -1.63534e-07, 0.0239005, -0.999714, -2.01384e-07, 0.999714, 0.0239004, -3.72529e-09, -0.806309, 0.76698 )

[node name="BoneAttachment13" parent="Drone/Armature/Skeleton" index="12"]
transform = Transform( 0.999939, -0.0110628, -0.000177947, -0.0100256, -0.899138, -0.43755, 0.0046806, 0.437525, -0.899194, 0.0197297, 0.797235, -0.0133125 )

[node name="BoneAttachment14" parent="Drone/Armature/Skeleton" index="13"]
transform = Transform( 0.999939, -0.0110628, -0.000177947, -0.0100256, -0.899138, -0.43755, 0.0046806, 0.437525, -0.899194, 0.0197297, 0.797235, -0.0133125 )

[node name="BoneAttachment15" parent="Drone/Armature/Skeleton" index="14"]
transform = Transform( 0.999939, -0.0110628, -0.000177947, -0.0100256, -0.899138, -0.43755, 0.0046806, 0.437525, -0.899194, 0.0197297, 0.797235, -0.0133125 )

[node name="BoneAttachment16" parent="Drone/Armature/Skeleton" index="15"]
transform = Transform( -0.00633705, 0.00530991, -0.999966, -0.0940649, -0.995555, -0.0046903, -0.995546, 0.094032, 0.00680839, 0.00992381, 2.63575, -0.186963 )

[node name="BoneAttachment17" parent="Drone/Armature/Skeleton" index="16"]
transform = Transform( -0.00633705, 0.00530991, -0.999966, -0.0940649, -0.995555, -0.0046903, -0.995546, 0.094032, 0.00680839, 0.00992381, 2.63575, -0.186963 )

[node name="BoneAttachment18" parent="Drone/Armature/Skeleton" index="17"]
transform = Transform( -0.00633705, 0.00530991, -0.999966, -0.0940649, -0.995555, -0.0046903, -0.995546, 0.094032, 0.00680839, 0.00992381, 2.63575, -0.186963 )

[node name="BoneAttachment19" parent="Drone/Armature/Skeleton" index="18"]
transform = Transform( -0.00633705, 0.00530991, -0.999966, -0.0940649, -0.995555, -0.0046903, -0.995546, 0.094032, 0.00680839, 0.00992381, 2.63575, -0.186963 )

[node name="BoneAttachment20" parent="Drone/Armature/Skeleton" index="19"]
transform = Transform( -0.00633705, 0.00530991, -0.999966, -0.0940649, -0.995555, -0.0046903, -0.995546, 0.094032, 0.00680839, 0.00992381, 2.63575, -0.186963 )

[node name="CollisionShape" type="CollisionShape" parent="."]
transform = Transform( 1, 0, 0, 0, 1, 0, 0, 0, 1, 0, 0.0231106, 0.19042 )
shape = SubResource( 1 )

[node name="CollisionShape2" type="CollisionShape" parent="."]
transform = Transform( 1, 0, 0, 0, 1, 0, 0, 0, 1, -0.480484, 0.317871, 0.19042 )
shape = SubResource( 5 )

[node name="CollisionShape3" type="CollisionShape" parent="."]
transform = Transform( 1, 0, 0, 0, 1, 0, 0, 0, 1, 0.400468, 0.317871, 0.213789 )
shape = SubResource( 5 )

[node name="AnimationPlayerEvents" type="AnimationPlayer" parent="."]
root_node = NodePath("../Drone")
autoplay = "Idle"
anims/Fire = SubResource( 4 )
anims/Hit = SubResource( 2 )
anims/Idle = SubResource( 3 )

[node name="GunBarrel" type="Spatial" parent="."]
transform = Transform( 1, 0, 0, 0, 1, 0, 0, 0, 1, 0, -0.0717295, -0.799683 )

[editable path="Drone"]
