[gd_scene load_steps=13 format=2]

[ext_resource path="res://drone/Drone.cs" type="Script" id=1]
[ext_resource path="res://assets/3D Models/Drone/Drone.glb" type="PackedScene" id=2]

[sub_resource type="SphereShape" id=1]
radius = 0.5

[sub_resource type="BoxShape" id=5]
extents = Vector3( 0.4, 0.2, 0.2 )

[sub_resource type="Animation" id=9]
resource_name = "Backward"
length = 0.5
tracks/0/type = "animation"
tracks/0/path = NodePath("AnimationPlayer")
tracks/0/interp = 1
tracks/0/loop_wrap = true
tracks/0/imported = false
tracks/0/enabled = true
tracks/0/keys = {
"clips": PoolStringArray( "Backward" ),
"times": PoolRealArray( 0 )
}

[sub_resource type="Animation" id=6]
resource_name = "Falling"
length = 0.5
tracks/0/type = "animation"
tracks/0/path = NodePath("AnimationPlayer")
tracks/0/interp = 1
tracks/0/loop_wrap = true
tracks/0/imported = false
tracks/0/enabled = true
tracks/0/keys = {
"clips": PoolStringArray( "Falling" ),
"times": PoolRealArray( 0 )
}

[sub_resource type="Animation" id=7]
resource_name = "FinishFalling"
length = 0.5
tracks/0/type = "animation"
tracks/0/path = NodePath("AnimationPlayer")
tracks/0/interp = 1
tracks/0/loop_wrap = true
tracks/0/imported = false
tracks/0/enabled = true
tracks/0/keys = {
"clips": PoolStringArray( "FinishFalling" ),
"times": PoolRealArray( 0 )
}

[sub_resource type="Animation" id=4]
resource_name = "Fire"
length = 0.5
tracks/0/type = "animation"
tracks/0/path = NodePath("AnimationPlayer")
tracks/0/interp = 1
tracks/0/loop_wrap = true
tracks/0/imported = false
tracks/0/enabled = true
tracks/0/keys = {
"clips": PoolStringArray( "Fire" ),
"times": PoolRealArray( 0 )
}

[sub_resource type="Animation" id=8]
resource_name = "Forward"
length = 0.5
tracks/0/type = "animation"
tracks/0/path = NodePath("AnimationPlayer")
tracks/0/interp = 1
tracks/0/loop_wrap = true
tracks/0/imported = false
tracks/0/enabled = true
tracks/0/keys = {
"clips": PoolStringArray( "Forward" ),
"times": PoolRealArray( 0 )
}

[sub_resource type="Animation" id=2]
resource_name = "Hit"
length = 0.5
tracks/0/type = "animation"
tracks/0/path = NodePath("AnimationPlayer")
tracks/0/interp = 1
tracks/0/loop_wrap = true
tracks/0/imported = false
tracks/0/enabled = true
tracks/0/keys = {
"clips": PoolStringArray( "Hit" ),
"times": PoolRealArray( 0 )
}

[sub_resource type="Animation" id=3]
resource_name = "Idle"
length = 1.9
loop = true
tracks/0/type = "animation"
tracks/0/path = NodePath("AnimationPlayer")
tracks/0/interp = 1
tracks/0/loop_wrap = true
tracks/0/imported = false
tracks/0/enabled = true
tracks/0/keys = {
"clips": PoolStringArray( "Idle" ),
"times": PoolRealArray( 0 )
}

[sub_resource type="BoxShape" id=10]
extents = Vector3( 0.782349, 0.5, 2 )

[node name="Drone" type="KinematicBody"]
script = ExtResource( 1 )

[node name="Drone" parent="." instance=ExtResource( 2 )]
transform = Transform( -0.15, 0, -1.31134e-08, 0, 0.15, 0, 1.31134e-08, 0, -0.15, 0, 0, 0 )

[node name="Skeleton" parent="Drone/Armature" index="0"]
bones/1/bound_children = [ NodePath("BoneAttachment16"), NodePath("BoneAttachment17"), NodePath("BoneAttachment18"), NodePath("BoneAttachment19"), NodePath("BoneAttachment20") ]
bones/2/bound_children = [ NodePath("BoneAttachment"), NodePath("BoneAttachment2"), NodePath("BoneAttachment3"), NodePath("BoneAttachment4") ]
bones/3/bound_children = [ NodePath("BoneAttachment5"), NodePath("BoneAttachment6"), NodePath("BoneAttachment7"), NodePath("BoneAttachment8"), NodePath("BoneAttachment9") ]
bones/4/bound_children = [ NodePath("BoneAttachment13"), NodePath("BoneAttachment14"), NodePath("BoneAttachment15") ]
bones/5/bound_children = [ NodePath("BoneAttachment10"), NodePath("BoneAttachment11"), NodePath("BoneAttachment12") ]

[node name="BoneAttachment" parent="Drone/Armature/Skeleton" index="0"]
transform = Transform( -0.0774923, 0.964017, -0.254292, 0.618123, -0.153667, -0.770914, -0.782252, -0.216925, -0.583973, 0.939433, 2.72379, 2.18156 )

[node name="BoneAttachment2" parent="Drone/Armature/Skeleton" index="1"]
transform = Transform( -0.0774923, 0.964017, -0.254292, 0.618123, -0.153667, -0.770914, -0.782252, -0.216925, -0.583973, 0.939433, 2.72379, 2.18156 )

[node name="BoneAttachment3" parent="Drone/Armature/Skeleton" index="2"]
transform = Transform( -0.0774923, 0.964017, -0.254292, 0.618123, -0.153667, -0.770914, -0.782252, -0.216925, -0.583973, 0.939433, 2.72379, 2.18156 )

[node name="BoneAttachment4" parent="Drone/Armature/Skeleton" index="3"]
transform = Transform( -0.0774923, 0.964017, -0.254292, 0.618123, -0.153667, -0.770914, -0.782252, -0.216925, -0.583973, 0.939433, 2.72379, 2.18156 )

[node name="BoneAttachment5" parent="Drone/Armature/Skeleton" index="4"]
transform = Transform( -0.12788, -0.817092, -0.562145, 0.816609, -0.408408, 0.407865, -0.562847, -0.406895, 0.719472, -2.24554, 2.55017, 2.27749 )

[node name="BoneAttachment6" parent="Drone/Armature/Skeleton" index="5"]
transform = Transform( -0.12788, -0.817092, -0.562145, 0.816609, -0.408408, 0.407865, -0.562847, -0.406895, 0.719472, -2.24554, 2.55017, 2.27749 )

[node name="BoneAttachment7" parent="Drone/Armature/Skeleton" index="6"]
transform = Transform( -0.12788, -0.817092, -0.562145, 0.816609, -0.408408, 0.407865, -0.562847, -0.406895, 0.719472, -2.24554, 2.55017, 2.27749 )

[node name="BoneAttachment8" parent="Drone/Armature/Skeleton" index="7"]
transform = Transform( -0.12788, -0.817092, -0.562145, 0.816609, -0.408408, 0.407865, -0.562847, -0.406895, 0.719472, -2.24554, 2.55017, 2.27749 )

[node name="BoneAttachment9" parent="Drone/Armature/Skeleton" index="8"]
transform = Transform( -0.12788, -0.817092, -0.562145, 0.816609, -0.408408, 0.407865, -0.562847, -0.406895, 0.719472, -2.24554, 2.55017, 2.27749 )

[node name="BoneAttachment10" parent="Drone/Armature/Skeleton" index="9"]
transform = Transform( 0.996882, 0.00638949, 0.0786451, 0.0783541, -0.19765, -0.977136, 0.00930082, 0.980252, -0.197534, -0.409186, -0.433468, 2.50209 )

[node name="BoneAttachment11" parent="Drone/Armature/Skeleton" index="10"]
transform = Transform( 0.996882, 0.00638949, 0.0786451, 0.0783541, -0.19765, -0.977136, 0.00930082, 0.980252, -0.197534, -0.409186, -0.433468, 2.50209 )

[node name="BoneAttachment12" parent="Drone/Armature/Skeleton" index="11"]
transform = Transform( 0.996882, 0.00638949, 0.0786451, 0.0783541, -0.19765, -0.977136, 0.00930082, 0.980252, -0.197534, -0.409186, -0.433468, 2.50209 )

[node name="BoneAttachment13" parent="Drone/Armature/Skeleton" index="12"]
transform = Transform( 0.997646, 0.0631441, 0.0267235, 0.067569, -0.971619, -0.226697, 0.0116505, 0.227969, -0.973599, -0.521798, 1.29934, 2.09553 )

[node name="BoneAttachment14" parent="Drone/Armature/Skeleton" index="13"]
transform = Transform( 0.997646, 0.0631441, 0.0267235, 0.067569, -0.971619, -0.226697, 0.0116505, 0.227969, -0.973599, -0.521798, 1.29934, 2.09553 )

[node name="BoneAttachment15" parent="Drone/Armature/Skeleton" index="14"]
transform = Transform( 0.997646, 0.0631441, 0.0267235, 0.067569, -0.971619, -0.226697, 0.0116505, 0.227969, -0.973599, -0.521798, 1.29934, 2.09553 )

[node name="BoneAttachment16" parent="Drone/Armature/Skeleton" index="15"]
transform = Transform( -0.00716627, 0.084192, -0.996424, 0.128023, -0.988172, -0.0844154, -0.991745, -0.12817, -0.00369696, -0.677277, 3.12422, 2.33222 )

[node name="BoneAttachment17" parent="Drone/Armature/Skeleton" index="16"]
transform = Transform( -0.00716627, 0.084192, -0.996424, 0.128023, -0.988172, -0.0844154, -0.991745, -0.12817, -0.00369696, -0.677277, 3.12422, 2.33222 )

[node name="BoneAttachment18" parent="Drone/Armature/Skeleton" index="17"]
transform = Transform( -0.00716627, 0.084192, -0.996424, 0.128023, -0.988172, -0.0844154, -0.991745, -0.12817, -0.00369696, -0.677277, 3.12422, 2.33222 )

[node name="BoneAttachment19" parent="Drone/Armature/Skeleton" index="18"]
transform = Transform( -0.00716627, 0.084192, -0.996424, 0.128023, -0.988172, -0.0844154, -0.991745, -0.12817, -0.00369696, -0.677277, 3.12422, 2.33222 )

[node name="BoneAttachment20" parent="Drone/Armature/Skeleton" index="19"]
transform = Transform( -0.00716627, 0.084192, -0.996424, 0.128023, -0.988172, -0.0844154, -0.991745, -0.12817, -0.00369696, -0.677277, 3.12422, 2.33222 )

[node name="CollisionShape" type="CollisionShape" parent="."]
transform = Transform( 1, 0, 0, 0, 1, 0, 0, 0, 1, 0, 0.0231106, 0.19042 )
shape = SubResource( 1 )

[node name="CollisionShape2" type="CollisionShape" parent="."]
transform = Transform( 1, 0, 0, 0, 1, 0, 0, 0, 1, -0.480484, 0.317871, 0.19042 )
shape = SubResource( 5 )

[node name="CollisionShape3" type="CollisionShape" parent="."]
transform = Transform( 1, 0, 0, 0, 1, 0, 0, 0, 1, 0.400468, 0.317871, 0.213789 )
shape = SubResource( 5 )

[node name="AnimationPlayerEvents" type="AnimationPlayer" parent="."]
root_node = NodePath("../Drone")
autoplay = "Falling"
anims/Backward = SubResource( 9 )
anims/Falling = SubResource( 6 )
anims/FinishFalling = SubResource( 7 )
anims/Fire = SubResource( 4 )
anims/Forward = SubResource( 8 )
anims/Hit = SubResource( 2 )
anims/Idle = SubResource( 3 )

[node name="GunBarrel" type="Spatial" parent="."]
transform = Transform( 1, 0, 0, 0, 1, 0, 0, 0, 1, 0, -0.0717295, -0.799683 )

[node name="LiftArea" type="Area" parent="."]

[node name="CollisionShape" type="CollisionShape" parent="LiftArea"]
transform = Transform( 1, 0, 0, 0, 1, 0, 0, 0, 1, 0, -0.153521, 0 )
shape = SubResource( 10 )

[editable path="Drone"]
